43 15
63 62
13 60
21 39
53 89
34 71
30 45
29 11
85 41
79 36
63 1
95 40
31 22
48 59
63 77
95 54
95 95
33 70
95 67
9 18
56 56
26 90
52 34
5 68
95 78
20 75
4 52
98 13
3 98
17 41
92 28
78 13
83 71
18 72
2 87
55 46
68 12
57 81
29 82
82 64
72 95
15 79
80 100
93 49
5 31
74 66
36 98
25 4
11 57
63 89
11 73
36 98
50 46
87 42
55 51
52 83
42 47
77 54
43 38
3 26
35 54
62 69
15 66
73 85
50 35
38 62
73 52
89 3
81 2
82 10
63 50
100 69
20 66
1 79
80 26
8 28
57 75
26 88
59 31
35 21
61 81
63 20
19 44
48 23
77 10
4 16
27 49
11 6
88 48
23 22
92 14
84 39
10 38
98 1
96 50
79 93
99 45
72 97
13 12
15 58
78 58
100 16
77 51
91 52
2 8
73 22
62 87
3 67
82 8
74 72
92 41
49 83
2 99
41 51
94 80
49 82
28 1
22 19
52 5
33 29
86 76
22 68
33 66
13 19
80 17
73 81
44 98
47 88
47 32
17 43
52 78
24 6
75 28
50 99
7 10
45 39
17 72
7 32
60 8
91 77
26 26
97 90
22 88
24 34
88 10
80 25
67 46
78 42
14 4
88 59